 <pre>

 Contingency table for Cloud cover (octas)
 Selection: ALL    595 stations
Period: 20210201-20210228
Used {00} + 01 02 ... 36
 Limits   0.500000000       1.50000000       2.50000000       3.50000000       4.50000000       5.50000000       6.50000000       7.50000000    
 Each class is data <= limit, the very last > last limit
 Total number of values      423476
                                                       OBSERVATION
                                  52177     5049     3095     2295     1470     1905     1792     4566    10869 |     83218
                                   7836     1495     1057      874      647      930      957     2496     5737 |     22029
                                   4171      886      645      605      421      629      666     1882     4138 |     14043
                                   3065      695      534      466      359      527      583     1458     3488 |     11175
                  aws3dvarspec     2625      597      503      435      292      479      563     1490     3525 |     10509
                                   2544      638      477      514      345      542      618     1716     3973 |     11367
                                   2929      711      538      545      419      640      759     2191     5040 |     13772
                                   4133      980      806      901      667     1076     1313     3939     9427 |     23242
                                  15367     4273     3064     3796     3055     5482     7129    37668   154287 |    234121

                    SUM           94847    15324    10719    10431     7675    12210    14380    57406   200484 |    423476
                                                       OBSERVATION
                                  53492     5271     3260     2430     1595     2074     2011     5079    12169 |     87381
                                   7452     1467     1025      882      615      921      943     2574     6111 |     21990
                                   4105      859      647      574      417      614      655     1867     4153 |     13891
                                   3056      732      517      471      355      544      545     1602     3565 |     11387
                  aws3dvarlamb     2481      604      492      461      305      491      586     1460     3579 |     10459
                                   2450      579      494      455      322      479      594     1734     3992 |     11099
                                   2804      668      541      565      421      617      766     2249     4960 |     13591
                                   4054      986      771      922      668     1084     1256     3913     9281 |     22935
                                  14953     4158     2972     3671     2977     5386     7024    36928   152674 |    230743

                    SUM           94847    15324    10719    10431     7675    12210    14380    57406   200484 |    423476

