 <pre>

 Contingency table for Rh2m (%)
 Selection: ALL   1005 stations
Period: 20210201-20210228
Used {00,06,12,18} + 00 01 ... 36
 Limits    30.0000000       50.0000000       65.0000000       75.0000000       85.0000000       95.0000000       100.000000    
 Each class is data <= limit, the very last > last limit
 Total number of values     3469074
                                              OBSERVATION
                                    645     1705     1188      818      185       66        0        0 |      4607
                                   1850    24043    32230    16109    11264     3018      101        0 |     88615
                                    514    25599   120677   115380   105173    24361     1208        0 |    392912
                  aws3dvarspec       54     6908    82119   169178   290960   135054     4306        0 |    688579
                                      6     1551    34839   129585   357319   452017    23980        0 |    999297
                                      0      314     8823    47491   191046   461523   138792        0 |    847989
                                      0        9      403     3786    22558   130128   290121        0 |    447005
                                      0        0        0        1        4       25       40        0 |        70

                    SUM            3069    60129   280279   482348   978509  1206192   458548        0 |   3469074
                                              OBSERVATION
                                    734     2275     1759     1253      389      106        0        0 |      6516
                                   1810    24994    37633    21105    16392     4675      129        0 |    106738
                                    474    24444   122080   126883   123515    30260     1310        0 |    428966
                  aws3dvarlamb       45     6611    76400   162179   296546   151519     4688        0 |    697988
                                      6     1485    33336   120851   334652   446422    24688        0 |    961440
                                      0      311     8676    46272   184690   444217   138323        0 |    822489
                                      0        9      395     3804    22322   128967   289372        0 |    444869
                                      0        0        0        1        3       26       38        0 |        68

                    SUM            3069    60129   280279   482348   978509  1206192   458548        0 |   3469074

