 <pre>

 Contingency table for Visibility (m)
 Selection: ALL    697 stations
Period: 20210201-20210228
Used {00,06,12,18} + 00 01 ... 36
 Limits    1000.00000       5000.00000       10000.0000       20000.0000    
 Each class is data <= limit, the very last > last limit
 Total number of values     2183373
                                     OBSERVATION
                                  32932    30065    11876     6783     3188 |     84844
                                  34509   154805    80812    76185    69907 |    416218
                  aws3dvarspec     6255    48575    51344    72326    92636 |    271136
                                   2262    17636    30701    63259   153713 |    267571
                                  10570    73265   113662   255411   690696 |   1143604

                    SUM           86528   324346   288395   473964  1010140 |   2183373
                                     OBSERVATION
                                  32967    29697    11765     6733     3133 |     84295
                                  34180   152553    78752    73562    66684 |    405731
                  aws3dvarlamb     6027    47291    48929    66476    83903 |    252626
                                   2352    18874    31966    64186   151694 |    269072
                                  11002    75931   116983   263007   704726 |   1171649

                    SUM           86528   324346   288395   473964  1010140 |   2183373

