 <pre>

 Contingency table for Cloud cover (octas)
 Selection: ALL    595 stations
Period: 20210201-20210228
Used {00,06,12,18} + 01 02 ... 36
 Limits   0.500000000       1.50000000       2.50000000       3.50000000       4.50000000       5.50000000       6.50000000       7.50000000    
 Each class is data <= limit, the very last > last limit
 Total number of values     1677107
                                                       OBSERVATION
                                 208587    19767    11771     8636     5583     7070     6638    16598    38481 |    323131
                                  31832     5838     4151     3593     2465     3504     3517     9773    21613 |     86286
                                  17102     3633     2572     2346     1667     2326     2582     7009    15516 |     54753
                                  12686     2681     2095     1918     1430     2060     2323     6014    13811 |     45018
                  aws3dvarspec    11062     2454     2028     1863     1326     1930     2321     6209    14088 |     43281
                                  10687     2430     1909     1886     1370     2193     2405     6656    15310 |     44846
                                  12125     2802     2169     2216     1665     2608     3022     8761    20062 |     55430
                                  17041     4105     3215     3583     2661     4303     5214    15520    36722 |     92364
                                  63712    17178    12421    15145    12351    21938    28279   149507   611467 |    931998

                    SUM          384834    60888    42331    41186    30518    47932    56301   226047   787070 |   1677107
                                                       OBSERVATION
                                 216695    21151    12642     9377     6091     7873     7492    19238    45084 |    345643
                                  30197     5799     4094     3594     2527     3582     3596    10356    23709 |     87454
                                  16282     3531     2582     2370     1663     2370     2639     7199    16234 |     54870
                                  12213     2704     2010     1918     1417     2104     2307     6246    13992 |     44911
                  aws3dvarlamb    10294     2373     1932     1809     1266     1916     2327     6106    14006 |     42029
                                   9994     2305     1902     1716     1324     2021     2348     6787    15467 |     43864
                                  11491     2590     2100     2261     1593     2552     2998     8785    19992 |     54362
                                  16396     3931     3105     3477     2662     4234     5015    15377    36241 |     90438
                                  61272    16504    11964    14664    11975    21280    27579   145953   602345 |    913536

                    SUM          384834    60888    42331    41186    30518    47932    56301   226047   787070 |   1677107

