 <pre>

 Contingency table for Visibility (m)
 Selection: ALL    697 stations
Period: 20210201-20210228
Used {12} + 00 01 ... 36
 Limits    1000.00000       5000.00000       10000.0000       20000.0000    
 Each class is data <= limit, the very last > last limit
 Total number of values      548419
                                     OBSERVATION
                                   7881     7025     2724     1524      729 |     19883
                                   8678    38611    19828    18842    17457 |    103416
                  aws3dvarspec     1523    11916    12709    17640    23171 |     66959
                                    555     4498     7902    16334    39174 |     68463
                                   2510    17495    27888    63710   178095 |    289698

                    SUM           21147    79545    71051   118050   258626 |    548419
                                     OBSERVATION
                                   7918     6970     2688     1501      724 |     19801
                                   8590    38053    19489    18362    16713 |    101207
                  aws3dvarlamb     1530    11461    11866    16494    21405 |     62756
                                    568     4589     7833    16046    38313 |     67349
                                   2541    18472    29175    65647   181471 |    297306

                    SUM           21147    79545    71051   118050   258626 |    548419

