 <pre>

 Contingency table for Visibility (m)
 Selection: ALL    697 stations
Period: 20210201-20210228
Used {00} + 00 01 ... 36
 Limits    1000.00000       5000.00000       10000.0000       20000.0000    
 Each class is data <= limit, the very last > last limit
 Total number of values      550278
                                     OBSERVATION
                                   8522     7893     3195     1844      864 |     22318
                                   8702    38494    20376    19218    17124 |    103914
                  aws3dvarspec     1585    12454    12991    18317    23169 |     68516
                                    599     4661     7834    15821    37569 |     66484
                                   2888    19785    29753    65523   171097 |    289046

                    SUM           22296    83287    74149   120723   249823 |    550278
                                     OBSERVATION
                                   8517     7786     3195     1845      854 |     22197
                                   8630    38117    19914    18775    16623 |    102059
                  aws3dvarlamb     1495    12112    12392    16668    20773 |     63440
                                    638     4843     7940    15624    36187 |     65232
                                   3016    20429    30708    67811   175386 |    297350

                    SUM           22296    83287    74149   120723   249823 |    550278

