 <pre>

 Contingency table for Cloud cover (octas)
 Selection: ALL    595 stations
Period: 20210201-20210228
Used {12} + 01 02 ... 36
 Limits   0.500000000       1.50000000       2.50000000       3.50000000       4.50000000       5.50000000       6.50000000       7.50000000    
 Each class is data <= limit, the very last > last limit
 Total number of values      420845
                                                       OBSERVATION
                                  53188     5063     2928     2144     1434     1746     1635     4085     9094 |     81317
                                   8212     1436     1028      922      613      886      844     2409     5396 |     21746
                                   4411      905      640      576      388      560      632     1772     3897 |     13781
                                   3282      658      536      487      346      487      572     1464     3516 |     11348
                  aws3dvarspec     2857      641      513      491      326      488      610     1630     3613 |     11169
                                   2714      587      457      437      367      589      587     1695     3897 |     11330
                                   3160      673      525      541      398      629      768     2186     5005 |     13885
                                   4360     1000      811      876      659     1052     1266     3873     9177 |     23074
                                  16570     4358     3159     3848     3155     5504     7070    37320   152211 |    233195

                    SUM           98754    15321    10597    10322     7686    11941    13984    56434   195806 |    420845
                                                       OBSERVATION
                                  54967     5401     3105     2332     1501     1928     1843     4688    10785 |     86550
                                   7805     1391     1016      866      646      867      853     2540     5830 |     21814
                                   4250      893      646      610      383      609      678     1771     4080 |     13920
                                   3171      675      502      484      354      493      580     1527     3478 |     11264
                  aws3dvarlamb     2658      605      501      460      310      487      599     1586     3463 |     10669
                                   2597      599      455      398      340      530      546     1719     3919 |     11103
                                   2981      608      508      544      389      610      748     2171     4945 |     13504
                                   4283     1010      791      830      699     1056     1225     3913     8994 |     22801
                                  16042     4139     3073     3798     3064     5361     6912    36519   150312 |    229220

                    SUM           98754    15321    10597    10322     7686    11941    13984    56434   195806 |    420845

