 <pre>

 Contingency table for Rh2m (%)
 Selection: ALL   1005 stations
Period: 20210201-20210228
Used {00} + 00 01 ... 36
 Limits    30.0000000       50.0000000       65.0000000       75.0000000       85.0000000       95.0000000       100.000000    
 Each class is data <= limit, the very last > last limit
 Total number of values      874482
                                              OBSERVATION
                                    151      371      257      193       39       14        0        0 |      1025
                                    446     5586     7950     4297     2943      747       23        0 |     21992
                                     95     5972    29201    29385    27798     6424      310        0 |     99185
                  aws3dvarspec        6     1477    19192    41268    74954    35850     1155        0 |    173902
                                      1      298     7916    30682    88910   115738     6343        0 |    249888
                                      0       59     1869    10967    47536   118619    35682        0 |    214732
                                      0        2      101      880     5335    32845    74572        0 |    113735
                                      0        0        0        1        0       12       10        0 |        23

                    SUM             699    13765    66486   117673   247515   310249   118095        0 |    874482
                                              OBSERVATION
                                    173      550      406      335      113       27        0        0 |      1604
                                    430     5763     9315     5426     4220     1137       30        0 |     26321
                                     91     5695    29349    31720    31723     7782      331        0 |    106691
                  aws3dvarlamb        4     1414    17890    39607    75315    38550     1255        0 |    174035
                                      1      285     7599    29000    84771   114768     6445        0 |    242869
                                      0       56     1829    10700    46118   115395    35658        0 |    209756
                                      0        2       98      884     5255    32579    74367        0 |    113185
                                      0        0        0        1        0       11        9        0 |        21

                    SUM             699    13765    66486   117673   247515   310249   118095        0 |    874482

